   1.0000000000000000        1.4895079678648153     
   2.0000000000000000        1.4872821184308556     
   3.0000000000000000        1.4844348555135931     
   4.0000000000000000        1.4812402562979030     
   5.0000000000000000        1.4780735394745981     
   6.0000000000000000        1.4753692784924364     
   7.0000000000000000        1.4735517449266704     
   8.0000000000000000        1.4729472979131495     
   9.0000000000000000        1.4737051733101689     
   10.000000000000000        1.4757593829768811     
   11.000000000000000        1.4788489168814087     
   12.000000000000000        1.4825829292527495     
   13.000000000000000        1.4865164527796406     
   14.000000000000000        1.4902073719009048     
   15.000000000000000        1.4932497111198804     
   16.000000000000000        1.4952995364261144     
   17.000000000000000        1.4961124812573305     
   18.000000000000000        1.4955969361443944     
   19.000000000000000        1.4938659166019708     
   20.000000000000000        1.4912577050799989     
   21.000000000000000        1.4882998578844262     
   22.000000000000000        1.4856126886147594     
   23.000000000000000        1.4837763068224641     
   24.000000000000000        1.4831992697832297     
   25.000000000000000        1.4840239683274723     
   26.000000000000000        1.4861004096568855     
   27.000000000000000        1.4890509464425210     
   28.000000000000000        1.4924090075164449     
   29.000000000000000        1.4957606129503858     
   30.000000000000000        1.4988107781318034     
   31.000000000000000        1.5013644723527484     
   32.000000000000000        1.5032902012514813     
   33.000000000000000        1.5045315637637378     
   34.000000000000000        1.5051540735037792     
   35.000000000000000        1.5053642654932426     
   36.000000000000000        1.5054715799800660     
   37.000000000000000        1.5058243489388778     
   38.000000000000000        1.5067590488115730     
   39.000000000000000        1.5085554640060499     
   40.000000000000000        1.5113664245978158     
   41.000000000000000        1.5151364935367473     
   42.000000000000000        1.5195803595735002     
   43.000000000000000        1.5242669154541391     
   44.000000000000000        1.5287655944000427     
   45.000000000000000        1.5327645581151887     
   46.000000000000000        1.5361096144273787     
   47.000000000000000        1.5387781429520051     
   48.000000000000000        1.5408332830291778     
   49.000000000000000        1.5423947844527655     
   50.000000000000000        1.5436334655405175     
   51.000000000000000        1.5447651773018272     
   52.000000000000000        1.5460126369312632     
   53.000000000000000        1.5475354011021709     
   54.000000000000000        1.5493701750552873     
   55.000000000000000        1.5514268469182702     
   56.000000000000000        1.5535406866493644     
   57.000000000000000        1.5555373563912718     
   58.000000000000000        1.5572653958116702     
   59.000000000000000        1.5585824438405083     
   60.000000000000000        1.5593220594909836     
   61.000000000000000        1.5592916224908924     
   62.000000000000000        1.5583368665115398     
   63.000000000000000        1.5564635796185597     
   64.000000000000000        1.5539641710348999     
   65.000000000000000        1.5514608180791827     
   66.000000000000000        1.5497482816494690     
   67.000000000000000        1.5494029586243616     
   68.000000000000000        1.5503970646690250     
   69.000000000000000        1.5520941500976126     
   70.000000000000000        1.5536498684773767     
   71.000000000000000        1.5544384986447595     
   72.000000000000000        1.5542262318787803     
   73.000000000000000        1.5531333788086663     
   74.000000000000000        1.5515348983630073     
   75.000000000000000        1.5499767074168993     
   76.000000000000000        1.5491139795186932     
   77.000000000000000        1.5496415248534736     
   78.000000000000000        1.5521514911678638     
   79.000000000000000        1.5568850125151581     
   80.000000000000000        1.5635101864006469     
   81.000000000000000        1.5711569006340331     
   82.000000000000000        1.5787373364506856     
   83.000000000000000        1.5853169574523123     
   84.000000000000000        1.5903218975223217     
   85.000000000000000        1.5935664841641988     
   86.000000000000000        1.5951913711226726     
   87.000000000000000        1.5955809848183515     
   88.000000000000000        1.5952688454482626     
   89.000000000000000        1.5948082241090100     
   90.000000000000000        1.5946094723171218     
   91.000000000000000        1.5948074046201961     
   92.000000000000000        1.5952472874456685     
   93.000000000000000        1.5956133034719970     
   94.000000000000000        1.5956242899009541     
   95.000000000000000        1.5951833743663872     
   96.000000000000000        1.5944085797551066     
   97.000000000000000        1.5935402787491357     
   98.000000000000000        1.5927860475200253     
   99.000000000000000        1.5922049704288701     
   100.00000000000000        1.5917076006781017     
   101.00000000000000        1.5911533093170713     
   102.00000000000000        1.5904530145270446     
   103.00000000000000        1.5896045987759952     
   104.00000000000000        1.5886629763959916     
   105.00000000000000        1.5876939192313664     
   106.00000000000000        1.5867549225883433     
   107.00000000000000        1.5859129312408782     
   108.00000000000000        1.5852761968801465     
   109.00000000000000        1.5850005306478674     
   110.00000000000000        1.5852424001946750     
   111.00000000000000        1.5860721792315249     
   112.00000000000000        1.5874004510086517     
   113.00000000000000        1.5889710739558605     
   114.00000000000000        1.5904292587774032     
   115.00000000000000        1.5914225935351802     
   116.00000000000000        1.5916842747200164     
   117.00000000000000        1.5910802268048525     
   118.00000000000000        1.5896352074245932     
   119.00000000000000        1.5875511920604057     
   120.00000000000000        1.5851976443138995     
   121.00000000000000        1.5830258648919426     
   122.00000000000000        1.5813981246497428     
   123.00000000000000        1.5804342417327275     
   124.00000000000000        1.5800290236188228     
   125.00000000000000        1.5800488364400953     
   126.00000000000000        1.5805118028331901     
   127.00000000000000        1.5815668694885765     
   128.00000000000000        1.5833122455684312     
   129.00000000000000        1.5856604282723381     
   130.00000000000000        1.5883753332881505     
   131.00000000000000        1.5912098177131679     
   132.00000000000000        1.5940096036739582     
   133.00000000000000        1.5967322637066534     
   134.00000000000000        1.5994029291610419     
   135.00000000000000        1.6020410132022249     
   136.00000000000000        1.6045908540589364     
   137.00000000000000        1.6068946539518885     
   138.00000000000000        1.6087363639662926     
   139.00000000000000        1.6099476004037236     
   140.00000000000000        1.6105230233858174     
   141.00000000000000        1.6106726591578335     
   142.00000000000000        1.6107607454443778     
   143.00000000000000        1.6111492140592463     
   144.00000000000000        1.6120425114645207     
   145.00000000000000        1.6134368595296187     
   146.00000000000000        1.6151861017826659     
   147.00000000000000        1.6171057883172075     
   148.00000000000000        1.6190399283946459     
   149.00000000000000        1.6208782801640336     
   150.00000000000000        1.6225487875021352     
   151.00000000000000        1.6240010637226914     
   152.00000000000000        1.6251851678601883     
   153.00000000000000        1.6260348548093271     
   154.00000000000000        1.6264677279801261     
   155.00000000000000        1.6264063871933567     
   156.00000000000000        1.6258138622829992     
   157.00000000000000        1.6247277595996237     
   158.00000000000000        1.6232705406737535     
   159.00000000000000        1.6216138484157299     
   160.00000000000000        1.6198982272738796     
   161.00000000000000        1.6181467403463698     
   162.00000000000000        1.6162230687932371     
   163.00000000000000        1.6138561527311124     
   164.00000000000000        1.6107252559071044     
   165.00000000000000        1.6065995279212677     
   166.00000000000000        1.6015100202121018     
   167.00000000000000        1.5958740146093304     
   168.00000000000000        1.5904529278772483     
   169.00000000000000        1.5861029241579183     
   170.00000000000000        1.5834490166121826     
   171.00000000000000        1.5826810125542501     
   172.00000000000000        1.5835467799989722     
   173.00000000000000        1.5855140754690837     
   174.00000000000000        1.5880542273221114     
   175.00000000000000        1.5908957900804301     
   176.00000000000000        1.5940414250551194     
   177.00000000000000        1.5975477785369185     
   178.00000000000000        1.6012986860034470     
   179.00000000000000        1.6049672507330395     
   180.00000000000000        1.6081492294062971     
   181.00000000000000        1.6105217208720013     
   182.00000000000000        1.6119243594901340     
   183.00000000000000        1.6123564107993900     
   184.00000000000000        1.6119281866308488     
   185.00000000000000        1.6108014410982057     
   186.00000000000000        1.6091408563490541     
   187.00000000000000        1.6070939105204949     
   188.00000000000000        1.6048132332707683     
   189.00000000000000        1.6025168255946847     
   190.00000000000000        1.6005355728238992     
   191.00000000000000        1.5992617101255908     
   192.00000000000000        1.5989710635700973     
   193.00000000000000        1.5996488621731297     
   194.00000000000000        1.6010012352084231     
   195.00000000000000        1.6026502708042363     
   196.00000000000000        1.6043280235712318     
   197.00000000000000        1.6059356211854727     
   198.00000000000000        1.6074885667143926     
   199.00000000000000        1.6090329489088744     
   200.00000000000000        1.6105920281477786     
   201.00000000000000        1.6121599526316346     
   202.00000000000000        1.6137184251791594     
   203.00000000000000        1.6152295135018389     
   204.00000000000000        1.6165899145175862     
   205.00000000000000        1.6176038754726081     
   206.00000000000000        1.6180477684190366     
   207.00000000000000        1.6178141961366110     
   208.00000000000000        1.6170347570924697     
   209.00000000000000        1.6160826269053354     
   210.00000000000000        1.6154289824846793     
   211.00000000000000        1.6154142062391925     
   212.00000000000000        1.6160588508784794     
   213.00000000000000        1.6170338014569856     
   214.00000000000000        1.6178101418643760     
   215.00000000000000        1.6178925048778736     
   216.00000000000000        1.6170121505769435     
   217.00000000000000        1.6152229752481264     
   218.00000000000000        1.6129087913996321     
   219.00000000000000        1.6106980543503440     
   220.00000000000000        1.6092504678673203     
   221.00000000000000        1.6089728894448869     
   222.00000000000000        1.6098790315326181     
   223.00000000000000        1.6117108386589798     
   224.00000000000000        1.6141362170134210     
   225.00000000000000        1.6168076506174296     
   226.00000000000000        1.6193293088373066     
   227.00000000000000        1.6212936632273660     
   228.00000000000000        1.6224204403508025     
   229.00000000000000        1.6227133296056306     
   230.00000000000000        1.6225330805880915     
   231.00000000000000        1.6224894676588979     
   232.00000000000000        1.6231199881070417     
   233.00000000000000        1.6245418695350002     
   234.00000000000000        1.6263956272197950     
   235.00000000000000        1.6281275413553395     
   236.00000000000000        1.6293113879355841     
   237.00000000000000        1.6297662106937807     
   238.00000000000000        1.6294947241602307     
   239.00000000000000        1.6285782519656176     
   240.00000000000000        1.6271157535526084     
   241.00000000000000        1.6252232102270256     
   242.00000000000000        1.6230726186743079     
   243.00000000000000        1.6209498062936949     
   244.00000000000000        1.6193174407443873     
   245.00000000000000        1.6188185368459025     
   246.00000000000000        1.6200740358625199     
   247.00000000000000        1.6232590527203699     
   248.00000000000000        1.6278276745563003     
   249.00000000000000        1.6327731516492012     
   250.00000000000000        1.6372094731489883     
   251.00000000000000        1.6407367848586270     
   252.00000000000000        1.6434083691274533     
   253.00000000000000        1.6454866776987629     
   254.00000000000000        1.6472057482107638     
   255.00000000000000        1.6486431770077628     
   256.00000000000000        1.6497113230642595     
   257.00000000000000        1.6502277241157974     
   258.00000000000000        1.6500145773030936     
   259.00000000000000        1.6489909168754120     
   260.00000000000000        1.6472352985206300     
   261.00000000000000        1.6450033617864768     
   262.00000000000000        1.6426885737271164     
   263.00000000000000        1.6407301397446243     
   264.00000000000000        1.6394988863327491     
   265.00000000000000        1.6392046712942574     
   266.00000000000000        1.6398531084791608     
   267.00000000000000        1.6412570260196246     
   268.00000000000000        1.6430952220206461     
   269.00000000000000        1.6449976781358961     
   270.00000000000000        1.6466279712755714     
   271.00000000000000        1.6477460299293785     
   272.00000000000000        1.6482506810483837     
   273.00000000000000        1.6481982025783770     
   274.00000000000000        1.6477786316352485     
   275.00000000000000        1.6472324925095192     
   276.00000000000000        1.6467212784385545     
   277.00000000000000        1.6462067208066740     
   278.00000000000000        1.6454087603570011     
   279.00000000000000        1.6438800308485872     
   280.00000000000000        1.6411775737384182     
   281.00000000000000        1.6370634492525660     
   282.00000000000000        1.6316415559711013     
   283.00000000000000        1.6253530304151593     
   284.00000000000000        1.6188244693876994     
   285.00000000000000        1.6126644736599705     
   286.00000000000000        1.6073385450023161     
   287.00000000000000        1.6031656056771577     
   288.00000000000000        1.6003600360255579     
   289.00000000000000        1.5990261919667839     
   290.00000000000000        1.5991020275730190     
   291.00000000000000        1.6003219934287181     
   292.00000000000000        1.6022492125865084     
   293.00000000000000        1.6043683626508254     
   294.00000000000000        1.6062018019426041     
   295.00000000000000        1.6074087768954444     
   296.00000000000000        1.6078416024587949     
   297.00000000000000        1.6075574285323873     
   298.00000000000000        1.6067921653844532     
   299.00000000000000        1.6058937133218507     
   300.00000000000000        1.6052246320702830     
   301.00000000000000        1.6050833995332705     
   302.00000000000000        1.6056941246135017     
   303.00000000000000        1.6072482943298994     
   304.00000000000000        1.6099181532890390     
   305.00000000000000        1.6137767230371984     
   306.00000000000000        1.6186526297533623     
   307.00000000000000        1.6240398574148152     
   308.00000000000000        1.6291650554917287     
   309.00000000000000        1.6331825383546144     
   310.00000000000000        1.6353696089664507     
   311.00000000000000        1.6352359867769464     
   312.00000000000000        1.6325677164723611     
   313.00000000000000        1.6274785403870609     
   314.00000000000000        1.6205049014484252     
   315.00000000000000        1.6126808722452661     
   316.00000000000000        1.6054328407975753     
   317.00000000000000        1.6001837796983829     
   318.00000000000000        1.5978254471735651     
   319.00000000000000        1.5984444207293502     
   320.00000000000000        1.6015036457375780     
   321.00000000000000        1.6062542244200790     
   322.00000000000000        1.6120181705691146     
   323.00000000000000        1.6182183835006221     
   324.00000000000000        1.6242842304075544     
   325.00000000000000        1.6296059792975235     
   326.00000000000000        1.6335965683919078     
   327.00000000000000        1.6358063966562462     
   328.00000000000000        1.6360277136064130     
   329.00000000000000        1.6343824705937096     
   330.00000000000000        1.6314062720895472     
   331.00000000000000        1.6280492949943026     
   332.00000000000000        1.6253948543277652     
   333.00000000000000        1.6240693543239741     
   334.00000000000000        1.6238211977938097     
   335.00000000000000        1.6237673564876041     
   336.00000000000000        1.6230489139273281     
   337.00000000000000        1.6212627550042580     
   338.00000000000000        1.6184833038534905     
   339.00000000000000        1.6150881669852102     
   340.00000000000000        1.6115796969962921     
   341.00000000000000        1.6084462606619332     
   342.00000000000000        1.6060551877851537     
   343.00000000000000        1.6045947422608346     
   344.00000000000000        1.6040830485946540     
   345.00000000000000        1.6044189265256001     
   346.00000000000000        1.6054282359491758     
   347.00000000000000        1.6068895382681725     
   348.00000000000000        1.6085556910802146     
   349.00000000000000        1.6101890494604478     
   350.00000000000000        1.6116092362299039     
   351.00000000000000        1.6127357776303839     
   352.00000000000000        1.6136006994099328     
   353.00000000000000        1.6143125405057019     
   354.00000000000000        1.6149785592111210     
   355.00000000000000        1.6156256390155135     
   356.00000000000000        1.6161723416619007     
   357.00000000000000        1.6164732408599993     
   358.00000000000000        1.6164070333677580     
   359.00000000000000        1.6159568887217997     
   360.00000000000000        1.6152475183131829     
   361.00000000000000        1.6145306117780176     
   362.00000000000000        1.6141241530635277     
   363.00000000000000        1.6143174495303967     
   364.00000000000000        1.6152640040505979     
   365.00000000000000        1.6168996685087953     
   366.00000000000000        1.6189283679319708     
   367.00000000000000        1.6208930153198406     
   368.00000000000000        1.6223045489356345     
   369.00000000000000        1.6227745301971572     
   370.00000000000000        1.6221073522151288     
   371.00000000000000        1.6203356527226791     
   372.00000000000000        1.6176992810255924     
   373.00000000000000        1.6145757084653372     
   374.00000000000000        1.6113872680565635     
   375.00000000000000        1.6085337033160032     
   376.00000000000000        1.6063823184968433     
   377.00000000000000        1.6052808362620266     
   378.00000000000000        1.6055159127330021     
   379.00000000000000        1.6071952361627007     
   380.00000000000000        1.6101380540684398     
   381.00000000000000        1.6138910529534776     
   382.00000000000000        1.6178950639298690     
   383.00000000000000        1.6217092145121299     
   384.00000000000000        1.6251603127067860     
   385.00000000000000        1.6283414269102530     
   386.00000000000000        1.6314798746341221     
   387.00000000000000        1.6347600791952306     
   388.00000000000000        1.6381961130275331     
   389.00000000000000        1.6416130693130706     
   390.00000000000000        1.6447351670122987     
   391.00000000000000        1.6473202615066169     
   392.00000000000000        1.6492615371557340     
   393.00000000000000        1.6506104610048440     
   394.00000000000000        1.6515240515040759     
   395.00000000000000        1.6521714426288316     
   396.00000000000000        1.6526474559025741     
   397.00000000000000        1.6529359455753274     
   398.00000000000000        1.6529362354935899     
   399.00000000000000        1.6525281364412419     
   400.00000000000000        1.6516357251135043     
   401.00000000000000        1.6502604052867327     
   402.00000000000000        1.6484743836168414     
   403.00000000000000        1.6463840123149738     
   404.00000000000000        1.6440817621683712     
   405.00000000000000        1.6416089546061621     
   406.00000000000000        1.6389561787352889     
   407.00000000000000        1.6361206715047423     
   408.00000000000000        1.6331974023278020     
   409.00000000000000        1.6304376465726791     
   410.00000000000000        1.6282226257114110     
   411.00000000000000        1.6269537507835803     
   412.00000000000000        1.6269039641232028     
   413.00000000000000        1.6280972414714852     
   414.00000000000000        1.6302859457375156     
   415.00000000000000        1.6330513508002185     
   416.00000000000000        1.6359734846230134     
   417.00000000000000        1.6387745650506937     
   418.00000000000000        1.6413729379580189     
   419.00000000000000        1.6438469218895009     
   420.00000000000000        1.6463430846568097     
   421.00000000000000        1.6489694003757434     
   422.00000000000000        1.6517132020750738     
   423.00000000000000        1.6544165875267625     
   424.00000000000000        1.6568164122275320     
   425.00000000000000        1.6586213306828428     
   426.00000000000000        1.6595834915604419     
   427.00000000000000        1.6595401229953610     
   428.00000000000000        1.6584311863046490     
   429.00000000000000        1.6563154568449590     
   430.00000000000000        1.6533965784063864     
   431.00000000000000        1.6500441539423987     
   432.00000000000000        1.6467774219628672     
   433.00000000000000        1.6441847799373903     
   434.00000000000000        1.6427801348138280     
   435.00000000000000        1.6428393831232095     
   436.00000000000000        1.6442995637341544     
   437.00000000000000        1.6467956802661670     
   438.00000000000000        1.6498291571473005     
   439.00000000000000        1.6529711967940472     
   440.00000000000000        1.6559948318882307     
   441.00000000000000        1.6588936190903747     
   442.00000000000000        1.6618094273550681     
   443.00000000000000        1.6649238600283045     
   444.00000000000000        1.6683668739415403     
   445.00000000000000        1.6721710963164509     
   446.00000000000000        1.6762691845275501     
   447.00000000000000        1.6805153971964439     
   448.00000000000000        1.6847160903004128     
   449.00000000000000        1.6886618389451573     
   450.00000000000000        1.6921561514282539     
   451.00000000000000        1.6950354658390889     
   452.00000000000000        1.6971779078933840     
   453.00000000000000        1.6985018314816966     
   454.00000000000000        1.6989577051185953     
   455.00000000000000        1.6985185682188255     
   456.00000000000000        1.6971744719562465     
   457.00000000000000        1.6949342669561591     
   458.00000000000000        1.6918337391959206     
   459.00000000000000        1.6879427187077971     
   460.00000000000000        1.6833638785339415     
   461.00000000000000        1.6782344518718502     
   462.00000000000000        1.6727732828301423     
   463.00000000000000        1.6674204797832171     
   464.00000000000000        1.6629977991440066     
   465.00000000000000        1.6605579983114922     
   466.00000000000000        1.6606682602347664     
   467.00000000000000        1.6627253684040737     
   468.00000000000000        1.6652425351460114     
   469.00000000000000        1.6668230789682459     
   470.00000000000000        1.6667780495345677     
   471.00000000000000        1.6651093386903750     
   472.00000000000000        1.6622373002329549     
   473.00000000000000        1.6587689952751448     
   474.00000000000000        1.6553641045131029     
   475.00000000000000        1.6526522577381539     
   476.00000000000000        1.6511523034257083     
   477.00000000000000        1.6511827809250361     
   478.00000000000000        1.6527938884981783     
   479.00000000000000        1.6557648543922066     
   480.00000000000000        1.6596855143821332     
   481.00000000000000        1.6640960595114005     
   482.00000000000000        1.6686261056687286     
   483.00000000000000        1.6730721660340546     
   484.00000000000000        1.6773802330741912     
   485.00000000000000        1.6815458908339018     
   486.00000000000000        1.6854937963900207     
   487.00000000000000        1.6890137124807756     
   488.00000000000000        1.6917874910381800     
   489.00000000000000        1.6934800196115418     
   490.00000000000000        1.6938461979480040     
   491.00000000000000        1.6928246448779696     
   492.00000000000000        1.6906013354345348     
   493.00000000000000        1.6876083757046967     
   494.00000000000000        1.6844104362208447     
   495.00000000000000        1.6814926645559831     
   496.00000000000000        1.6790760879534634     
   497.00000000000000        1.6770958441469688     
   498.00000000000000        1.6753303410649290     
   499.00000000000000        1.6735526230145419     
   500.00000000000000        1.6716167866615139     
   501.00000000000000        1.6694792859879897     
   502.00000000000000        1.6671805483212661     
   503.00000000000000        1.6648056801290989     
   504.00000000000000        1.6624530084401949     
   505.00000000000000        1.6602418258240677     
   506.00000000000000        1.6583500926624304     
   507.00000000000000        1.6570293354633929     
   508.00000000000000        1.6565587725780373     
   509.00000000000000        1.6571606787323281     
   510.00000000000000        1.6589325407546247     
   511.00000000000000        1.6618265208886074     
   512.00000000000000        1.6656671966683931     
   513.00000000000000        1.6701867709945495     
   514.00000000000000        1.6750645729875608     
   515.00000000000000        1.6799633780521019     
   516.00000000000000        1.6845569140636598     
   517.00000000000000        1.6885473217950995     
   518.00000000000000        1.6916772588288573     
   519.00000000000000        1.6937449839811458     
   520.00000000000000        1.6946293555587180     
   521.00000000000000        1.6943264294160634     
   522.00000000000000        1.6929896014337031     
   523.00000000000000        1.6909488969078157     
   524.00000000000000        1.6886722146191897     
   525.00000000000000        1.6866430271368360     
   526.00000000000000        1.6851840891538370     
   527.00000000000000        1.6843243051064130     
   528.00000000000000        1.6838028190036853     
   529.00000000000000        1.6832073940310255     
   530.00000000000000        1.6821490136087689     
   531.00000000000000        1.6803784578970353     
   532.00000000000000        1.6778271381699301     
   533.00000000000000        1.6746105031018790     
   534.00000000000000        1.6710284904754487     
   535.00000000000000        1.6675521311321950     
   536.00000000000000        1.6647490335614117     
   537.00000000000000        1.6631258578868773     
   538.00000000000000        1.6629448653173053     
   539.00000000000000        1.6641232125509740     
   540.00000000000000        1.6662783830139427     
   541.00000000000000        1.6688880855450394     
   542.00000000000000        1.6714807245648564     
   543.00000000000000        1.6737782543425945     
   544.00000000000000        1.6757421082495678     
   545.00000000000000        1.6775144918422500     
   546.00000000000000        1.6792950634316530     
   547.00000000000000        1.6812218696967374     
   548.00000000000000        1.6833134644596288     
   549.00000000000000        1.6854790614927952     
   550.00000000000000        1.6875566128621595     
   551.00000000000000        1.6893384228751631     
   552.00000000000000        1.6905825276251378     
   553.00000000000000        1.6910353605571518     
   554.00000000000000        1.6904802372435734     
   555.00000000000000        1.6888012651142834     
   556.00000000000000        1.6860432767582947     
   557.00000000000000        1.6824564749401492     
   558.00000000000000        1.6785170252669852     
   559.00000000000000        1.6748971049991799     
   560.00000000000000        1.6723400140964502     
   561.00000000000000        1.6714234418338156     
   562.00000000000000        1.6722984268215386     
   563.00000000000000        1.6745898757384572     
   564.00000000000000        1.6775561128366696     
   565.00000000000000        1.6803792275740164     
   566.00000000000000        1.6823959591664384     
   567.00000000000000        1.6832196379690745     
   568.00000000000000        1.6827936339058822     
   569.00000000000000        1.6813679520936025     
   570.00000000000000        1.6793644210932224     
   571.00000000000000        1.6771998981897953     
   572.00000000000000        1.6752117400824467     
   573.00000000000000        1.6736986410080148     
   574.00000000000000        1.6729296768663888     
   575.00000000000000        1.6730354636880436     
   576.00000000000000        1.6738777704305525     
   577.00000000000000        1.6750561243815592     
   578.00000000000000        1.6760832922738067     
   579.00000000000000        1.6765938148847790     
   580.00000000000000        1.6764379905474502     
   581.00000000000000        1.6756445516756209     
   582.00000000000000        1.6743356768234161     
   583.00000000000000        1.6726689534734451     
   584.00000000000000        1.6708213611712714     
   585.00000000000000        1.6689897737887838     
   586.00000000000000        1.6673774233297618     
   587.00000000000000        1.6661537488733094     
   588.00000000000000        1.6654026987082333     
   589.00000000000000        1.6650911406468045     
   590.00000000000000        1.6650753279093828     
   591.00000000000000        1.6651363480939942     
   592.00000000000000        1.6650376571742855     
   593.00000000000000        1.6646216218281529     
   594.00000000000000        1.6639441009135150     
   595.00000000000000        1.6633617988591960     
   596.00000000000000        1.6634267578072204     
   597.00000000000000        1.6645664038087535     
   598.00000000000000        1.6667900437275645     
   599.00000000000000        1.6696935776011010     
   600.00000000000000        1.6727153023170411     
   601.00000000000000        1.6753787061988619     
   602.00000000000000        1.6773845289335603     
   603.00000000000000        1.6785944867228997     
   604.00000000000000        1.6789828494435937     
   605.00000000000000        1.6785947364208049     
   606.00000000000000        1.6775220036012979     
   607.00000000000000        1.6758905881867088     
   608.00000000000000        1.6738400612909308     
   609.00000000000000        1.6714813164781763     
   610.00000000000000        1.6688495850014431     
   611.00000000000000        1.6658996839711524     
   612.00000000000000        1.6625709774263913     
   613.00000000000000        1.6588872176663616     
   614.00000000000000        1.6550217607947444     
   615.00000000000000        1.6512911910723007     
   616.00000000000000        1.6480877784016585     
   617.00000000000000        1.6457773048790312     
   618.00000000000000        1.6446088774549581     
   619.00000000000000        1.6446963460081205     
   620.00000000000000        1.6460678194796752     
   621.00000000000000        1.6486964383314267     
   622.00000000000000        1.6524572797188279     
   623.00000000000000        1.6570698295756394     
   624.00000000000000        1.6621165100929283     
   625.00000000000000        1.6671417655629048     
   626.00000000000000        1.6717624448903148     
   627.00000000000000        1.6757334823657697     
   628.00000000000000        1.6789586040074287     
   629.00000000000000        1.6814592041598180     
   630.00000000000000        1.6833227190534363     
   631.00000000000000        1.6846537970395714     
   632.00000000000000        1.6855428988221364     
   633.00000000000000        1.6860522833259759     
   634.00000000000000        1.6862096394657784     
   635.00000000000000        1.6860035615076840     
   636.00000000000000        1.6853847257875094     
   637.00000000000000        1.6842778916824717     
   638.00000000000000        1.6826046766597182     
   639.00000000000000        1.6803100342005053     
   640.00000000000000        1.6773837326399383     
   641.00000000000000        1.6738768395950032     
   642.00000000000000        1.6699212343763525     
   643.00000000000000        1.6657580959419476     
   644.00000000000000        1.6617650432138533     
   645.00000000000000        1.6584470449684163     
   646.00000000000000        1.6563494744124418     
   647.00000000000000        1.6558933745822875     
   648.00000000000000        1.6572127261425540     
   649.00000000000000        1.6601040420549413     
   650.00000000000000        1.6641183079929782     
   651.00000000000000        1.6687174710749475     
   652.00000000000000        1.6734016407105305     
   653.00000000000000        1.6777769899801862     
   654.00000000000000        1.6815801986682797     
   655.00000000000000        1.6846725717300968     
   656.00000000000000        1.6870076823490618     
   657.00000000000000        1.6885874027366299     
   658.00000000000000        1.6894362991374672     
   659.00000000000000        1.6896157734449979     
   660.00000000000000        1.6892658331548573     
   661.00000000000000        1.6886332377330231     
   662.00000000000000        1.6880441884283597     
   663.00000000000000        1.6878120495092328     
   664.00000000000000        1.6881212278297948     
   665.00000000000000        1.6889578919491668     
   666.00000000000000        1.6901316338290662     
   667.00000000000000        1.6913664092522218     
   668.00000000000000        1.6923960364529853     
   669.00000000000000        1.6930134156895507     
   670.00000000000000        1.6930698099748611     
   671.00000000000000        1.6924545024708080     
   672.00000000000000        1.6910830675878303     
   673.00000000000000        1.6888996222873633     
   674.00000000000000        1.6858844197372143     
   675.00000000000000        1.6820636980134007     
   676.00000000000000        1.6775266846329084     
   677.00000000000000        1.6724491279996712     
   678.00000000000000        1.6671095995631000     
   679.00000000000000        1.6618789051955385     
   680.00000000000000        1.6571725416746772     
   681.00000000000000        1.6533784259567605     
   682.00000000000000        1.6507895891061926     
   683.00000000000000        1.6495692351262741     
   684.00000000000000        1.6497529897935772     
   685.00000000000000        1.6512720751458596     
   686.00000000000000        1.6539798085992949     
   687.00000000000000        1.6576753652662752     
   688.00000000000000        1.6621281506598993     
   689.00000000000000        1.6671040960878447     
   690.00000000000000        1.6723875776076140     
   691.00000000000000        1.6777900595676960     
   692.00000000000000        1.6831429890995713     
   693.00000000000000        1.6882825775691699     
   694.00000000000000        1.6930405217498157     
   695.00000000000000        1.6972533590182757     
   696.00000000000000        1.7007900918678707     
   697.00000000000000        1.7035779801621800     
   698.00000000000000        1.7056017452890579     
   699.00000000000000        1.7068713712996506     
   700.00000000000000        1.7073836621887331     
   701.00000000000000        1.7071129448745899     
   702.00000000000000        1.7060407397065926     
   703.00000000000000        1.7041999206804390     
   704.00000000000000        1.7016993439350745     
   705.00000000000000        1.6987140985410307     
   706.00000000000000        1.6954506813417416     
   707.00000000000000        1.6921063004673540     
   708.00000000000000        1.6888368625445853     
   709.00000000000000        1.6857368930223244     
   710.00000000000000        1.6828239834260263     
   711.00000000000000        1.6800229296673732     
   712.00000000000000        1.6771662115901109     
   713.00000000000000        1.6740457392103598     
   714.00000000000000        1.6705286730588991     
   715.00000000000000        1.6666892780184157     
   716.00000000000000        1.6628688563973564     
   717.00000000000000        1.6596029139819906     
   718.00000000000000        1.6574341963382224     
   719.00000000000000        1.6567074329148208     
   720.00000000000000        1.6574572963829985     
   721.00000000000000        1.6594414201100582     
   722.00000000000000        1.6622877781574146     
   723.00000000000000        1.6656788997889016     
   724.00000000000000        1.6694876199011845     
   725.00000000000000        1.6737826034967134     
   726.00000000000000        1.6786594273647599     
   727.00000000000000        1.6839837345429842     
   728.00000000000000        1.6892690672455402     
   729.00000000000000        1.6938236798458619     
   730.00000000000000        1.6970383161623364     
   731.00000000000000        1.6985937215137294     
   732.00000000000000        1.6985103827603092     
   733.00000000000000        1.6971005387099780     
   734.00000000000000        1.6948858785538949     
   735.00000000000000        1.6924737819813926     
   736.00000000000000        1.6903576439728034     
   737.00000000000000        1.6887058136760615     
   738.00000000000000        1.6873200036565386     
   739.00000000000000        1.6858436226505782     
   740.00000000000000        1.6840512195074013     
   741.00000000000000        1.6819912005192299     
   742.00000000000000        1.6799223427819234     
   743.00000000000000        1.6781460464193123     
   744.00000000000000        1.6768841667498195     
   745.00000000000000        1.6762861479970446     
   746.00000000000000        1.6765110498878890     
   747.00000000000000        1.6777507150200386     
   748.00000000000000        1.6801260666029476     
   749.00000000000000        1.6835237145852637     
   750.00000000000000        1.6875180916150621     
   751.00000000000000        1.6914691618235382     
   752.00000000000000        1.6947325052305138     
   753.00000000000000        1.6968328320836208     
   754.00000000000000        1.6975174616947060     
   755.00000000000000        1.6967197104503180     
   756.00000000000000        1.6945152476511183     
   757.00000000000000        1.6911377898705633     
   758.00000000000000        1.6870567667005414     
   759.00000000000000        1.6830194923905555     
   760.00000000000000        1.6798973177760523     
   761.00000000000000        1.6783102573710589     
   762.00000000000000        1.6782977221411648     
   763.00000000000000        1.6793326291042328     
   764.00000000000000        1.6806272416153825     
   765.00000000000000        1.6814703841572101     
   766.00000000000000        1.6814546630962173     
   767.00000000000000        1.6805698493688150     
   768.00000000000000        1.6791422680742871     
   769.00000000000000        1.6776238770787435     
   770.00000000000000        1.6763327597106785     
   771.00000000000000        1.6753103771158411     
   772.00000000000000        1.6743710171981527     
   773.00000000000000        1.6732608893022662     
   774.00000000000000        1.6717991262382152     
   775.00000000000000        1.6699445951460861     
   776.00000000000000        1.6677997358663890     
   777.00000000000000        1.6655756996117943     
   778.00000000000000        1.6635350669744102     
   779.00000000000000        1.6619279775765077     
   780.00000000000000        1.6609415885575474     
   781.00000000000000        1.6606772694166116     
   782.00000000000000        1.6611545222824848     
   783.00000000000000        1.6623348062734744     
   784.00000000000000        1.6641646563665764     
   785.00000000000000        1.6666196879431596     
   786.00000000000000        1.6696920184846151     
   787.00000000000000        1.6732828503019450     
   788.00000000000000        1.6770715279728028     
   789.00000000000000        1.6805043841040543     
   790.00000000000000        1.6829545301491382     
   791.00000000000000        1.6839466471494473     
   792.00000000000000        1.6833034518515944     
   793.00000000000000        1.6811630954019332     
   794.00000000000000        1.6779105581830080     
   795.00000000000000        1.6740869009807566     
   796.00000000000000        1.6703017502391666     
   797.00000000000000        1.6671262576268782     
   798.00000000000000        1.6649524400972393     
   799.00000000000000        1.6638799215319766     
   800.00000000000000        1.6637277277518283     
   801.00000000000000        1.6641806791290441     
   802.00000000000000        1.6649598722973555     
   803.00000000000000        1.6659056226147515     
   804.00000000000000        1.6669599987009571     
   805.00000000000000        1.6681087292283914     
   806.00000000000000        1.6693396173829527     
   807.00000000000000        1.6706341847884099     
   808.00000000000000        1.6719768399501160     
   809.00000000000000        1.6733575632212412     
   810.00000000000000        1.6747552330884508     
   811.00000000000000        1.6761129378159469     
   812.00000000000000        1.6773340997682855     
   813.00000000000000        1.6783168363767065     
   814.00000000000000        1.6790139956843309     
   815.00000000000000        1.6794864260783475     
   816.00000000000000        1.6799152597766493     
   817.00000000000000        1.6805515886622096     
   818.00000000000000        1.6816146071714528     
   819.00000000000000        1.6831899329367230     
   820.00000000000000        1.6851876489198958     
   821.00000000000000        1.6873828743153956     
   822.00000000000000        1.6895131211918437     
   823.00000000000000        1.6913755326282072     
   824.00000000000000        1.6928713567052380     
   825.00000000000000        1.6939867763570788     
   826.00000000000000        1.6947477982404116     
   827.00000000000000        1.6951944501234746     
   828.00000000000000        1.6953834233880882     
   829.00000000000000        1.6953965414753540     
   830.00000000000000        1.6953427144430087     
   831.00000000000000        1.6953623980906476     
   832.00000000000000        1.6956187499011801     
   833.00000000000000        1.6962202472821739     
   834.00000000000000        1.6970778544890606     
   835.00000000000000        1.6978369799008146     
   836.00000000000000        1.6980138053715592     
   837.00000000000000        1.6972534562152310     
   838.00000000000000        1.6955000731589631     
   839.00000000000000        1.6929753216981804     
   840.00000000000000        1.6900271968698923     
   841.00000000000000        1.6869747223927711     
   842.00000000000000        1.6840326567479800     
   843.00000000000000        1.6813179822531088     
   844.00000000000000        1.6788881777869027     
   845.00000000000000        1.6767694904012642     
   846.00000000000000        1.6749682832205230     
   847.00000000000000        1.6734786867422899     
   848.00000000000000        1.6722973823302203     
   849.00000000000000        1.6714447745015317     
   850.00000000000000        1.6709810317899012     
   851.00000000000000        1.6710030839663028     
   852.00000000000000        1.6716159578032586     
   853.00000000000000        1.6728841777124870     
   854.00000000000000        1.6747826791165563     
   855.00000000000000        1.6771759793172663     
   856.00000000000000        1.6798526786990668     
   857.00000000000000        1.6826112374351629     
   858.00000000000000        1.6853416577882150     
   859.00000000000000        1.6880302234596887     
   860.00000000000000        1.6906675468067629     
   861.00000000000000        1.6931333216789866     
   862.00000000000000        1.6951751251077569     
   863.00000000000000        1.6965294206447545     
   864.00000000000000        1.6971024137491013     
   865.00000000000000        1.6970654680075596     
   866.00000000000000        1.6967823891498359     
   867.00000000000000        1.6966080234889920     
   868.00000000000000        1.6966884926413748     
   869.00000000000000        1.6968915677270260     
   870.00000000000000        1.6968985927717735     
   871.00000000000000        1.6963763549731439     
   872.00000000000000        1.6951130991040180     
   873.00000000000000        1.6930588610500454     
   874.00000000000000        1.6902856131371871     
   875.00000000000000        1.6869216964544971     
   876.00000000000000        1.6831105211981139     
   877.00000000000000        1.6790123566987987     
   878.00000000000000        1.6748311030257648     
   879.00000000000000        1.6708310002077587     
   880.00000000000000        1.6673214345204512     
   881.00000000000000        1.6646123005979716     
   882.00000000000000        1.6629509195938177     
   883.00000000000000        1.6624527582532207     
   884.00000000000000        1.6630653153056909     
   885.00000000000000        1.6646134369722734     
   886.00000000000000        1.6668962898430635     
   887.00000000000000        1.6697363649194941     
   888.00000000000000        1.6729449483942820     
   889.00000000000000        1.6762757676363593     
   890.00000000000000        1.6794389295882084     
   891.00000000000000        1.6821689426564910     
   892.00000000000000        1.6842939717712557     
   893.00000000000000        1.6857686250555040     
   894.00000000000000        1.6866676952929616     
   895.00000000000000        1.6871566323111991     
   896.00000000000000        1.6874526813404787     
   897.00000000000000        1.6877799855490927     
   898.00000000000000        1.6883182079015733     
   899.00000000000000        1.6891523350895210     
   900.00000000000000        1.6902425720638787     
   901.00000000000000        1.6914312445546416     
   902.00000000000000        1.6924887472705576     
   903.00000000000000        1.6931879972654440     
   904.00000000000000        1.6933876775145309     
   905.00000000000000        1.6930921689715444     
   906.00000000000000        1.6924416015722039     
   907.00000000000000        1.6916031964304037     
   908.00000000000000        1.6906163353629906     
   909.00000000000000        1.6893239253949530     
   910.00000000000000        1.6874777788038557     
   911.00000000000000        1.6849546827343806     
   912.00000000000000        1.6819254747930101     
   913.00000000000000        1.6788466223535012     
   914.00000000000000        1.6762508655974644     
   915.00000000000000        1.6744789002156937     
   916.00000000000000        1.6736032560566727     
   917.00000000000000        1.6736268804411194     
   918.00000000000000        1.6746737910950791     
   919.00000000000000        1.6768419243143862     
   920.00000000000000        1.6798859888907245     
   921.00000000000000        1.6832334335558676     
   922.00000000000000        1.6863775214066197     
   923.00000000000000        1.6891785684187268     
   924.00000000000000        1.6918043000972178     
   925.00000000000000        1.6944651344010770     
   926.00000000000000        1.6971950471248642     
   927.00000000000000        1.6997865869959845     
   928.00000000000000        1.7018509618224813     
   929.00000000000000        1.7029293837053692     
   930.00000000000000        1.7025963345660180     
   931.00000000000000        1.7005251966985737     
   932.00000000000000        1.6965226869890881     
   933.00000000000000        1.6905665345411114     
   934.00000000000000        1.6828793299691716     
   935.00000000000000        1.6740283112573635     
   936.00000000000000        1.6649645742303054     
   937.00000000000000        1.6568776744013298     
   938.00000000000000        1.6508604759146905     
   939.00000000000000        1.6475873307823121     
   940.00000000000000        1.6471992461077678     
   941.00000000000000        1.6493565062596129     
   942.00000000000000        1.6533486667181296     
   943.00000000000000        1.6582611055695524     
   944.00000000000000        1.6631927403311331     
   945.00000000000000        1.6674385575262725     
   946.00000000000000        1.6705717909015900     
   947.00000000000000        1.6724434017446874     
   948.00000000000000        1.6731459634061467     
   949.00000000000000        1.6729545291916414     
   950.00000000000000        1.6722250579666635     
   951.00000000000000        1.6712563881037945     
   952.00000000000000        1.6701824497193569     
   953.00000000000000        1.6689751794175844     
   954.00000000000000        1.6675648089950237     
   955.00000000000000        1.6659886774531054     
   956.00000000000000        1.6644536181855916     
   957.00000000000000        1.6632690229520668     
   958.00000000000000        1.6627236487803922     
   959.00000000000000        1.6630132867297616     
   960.00000000000000        1.6642364578177775     
   961.00000000000000        1.6663981113723731     
   962.00000000000000        1.6693972725583739     
   963.00000000000000        1.6730317259049909     
   964.00000000000000        1.6770331374986134     
   965.00000000000000        1.6811023494211994     
   966.00000000000000        1.6849286320338117     
   967.00000000000000        1.6882159573882092     
   968.00000000000000        1.6907338558031801     
   969.00000000000000        1.6923671010035968     
   970.00000000000000        1.6931177377659334     
   971.00000000000000        1.6930522140207305     
   972.00000000000000        1.6922458932883797     
   973.00000000000000        1.6907770980889401     
   974.00000000000000        1.6887570249750647     
   975.00000000000000        1.6863429646461539     
   976.00000000000000        1.6837276343651046     
   977.00000000000000        1.6811456873640662     
   978.00000000000000        1.6788993990292478     
   979.00000000000000        1.6773436282119842     
   980.00000000000000        1.6767916213836336     
   981.00000000000000        1.6773883830901732     
   982.00000000000000        1.6790427238738963     
   983.00000000000000        1.6814635368678101     
   984.00000000000000        1.6842675053417528     
   985.00000000000000        1.6870884134335997     
   986.00000000000000        1.6896358281042974     
   987.00000000000000        1.6916949604013962     
   988.00000000000000        1.6930946019879285     
   989.00000000000000        1.6936751755727797     
   990.00000000000000        1.6932745289495919     
   991.00000000000000        1.6917373870555479     
   992.00000000000000        1.6889537024678476     
   993.00000000000000        1.6849293229589761     
   994.00000000000000        1.6798761893719980     
   995.00000000000000        1.6742833703063273     
   996.00000000000000        1.6689057830328675     
   997.00000000000000        1.6646118936645660     
   998.00000000000000        1.6621068411564173     
   999.00000000000000        1.6616683292676377     
   1000.0000000000000        1.6630703646009988     
