   1.0000000000000000      -0.80268930514560111     
   2.0000000000000000      -0.80045612646504438     
   3.0000000000000000      -0.79759398935603576     
   4.0000000000000000      -0.79437776416198180     
   5.0000000000000000      -0.79118519888837069     
   6.0000000000000000      -0.78845533810826685     
   7.0000000000000000      -0.78661838359020453     
   8.0000000000000000      -0.78600621572815677     
   9.0000000000000000      -0.78677074631600974     
   10.000000000000000      -0.78884444934555997     
   11.000000000000000      -0.79196164167310568     
   12.000000000000000      -0.79572626252081013     
   13.000000000000000      -0.79968974825106987     
   14.000000000000000      -0.80340831773741039     
   15.000000000000000      -0.80647481596168513     
   16.000000000000000      -0.80854314574099628     
   17.000000000000000      -0.80936536212937293     
   18.000000000000000      -0.80884610065279816     
   19.000000000000000      -0.80709650819479384     
   20.000000000000000      -0.80445696902750319     
   21.000000000000000      -0.80146133594947189     
   22.000000000000000      -0.79873879020803384     
   23.000000000000000      -0.79687814994945083     
   24.000000000000000      -0.79629440061445544     
   25.000000000000000      -0.79713190713932813     
   26.000000000000000      -0.79923633608253630     
   27.000000000000000      -0.80222007061348399     
   28.000000000000000      -0.80560628620613040     
   29.000000000000000      -0.80897664581138218     
   30.000000000000000      -0.81203857163150306     
   31.000000000000000      -0.81460057113797091     
   32.000000000000000      -0.81653039841143005     
   33.000000000000000      -0.81776781247088770     
   34.000000000000000      -0.81837678775602829     
   35.000000000000000      -0.81856683574484501     
   36.000000000000000      -0.81865195771303312     
   37.000000000000000      -0.81898331707997052     
   38.000000000000000      -0.81989925731187718     
   39.000000000000000      -0.82168384060480015     
   40.000000000000000      -0.82449596192408758     
   41.000000000000000      -0.82828232560930781     
   42.000000000000000      -0.83275183001830266     
   43.000000000000000      -0.83746300949680319     
   44.000000000000000      -0.84197752439455964     
   45.000000000000000      -0.84598175032094791     
   46.000000000000000      -0.84932420832711331     
   47.000000000000000      -0.85198591705410209     
   48.000000000000000      -0.85403200771544296     
   49.000000000000000      -0.85558209307748501     
   50.000000000000000      -0.85680664489158231     
   51.000000000000000      -0.85792369487442199     
   52.000000000000000      -0.85916091672704775     
   53.000000000000000      -0.86068227365593653     
   54.000000000000000      -0.86252469611946958     
   55.000000000000000      -0.86459406013728990     
   56.000000000000000      -0.86672086922958180     
   57.000000000000000      -0.86872862511425752     
   58.000000000000000      -0.87046725910437073     
   59.000000000000000      -0.87179748344015862     
   60.000000000000000      -0.87255368836055780     
   61.000000000000000      -0.87253912019961788     
   62.000000000000000      -0.87159097734781310     
   63.000000000000000      -0.86970566226078672     
   64.000000000000000      -0.86717078307269935     
   65.000000000000000      -0.86461704741285383     
   66.000000000000000      -0.86286660772975532     
   67.000000000000000      -0.86252589303012772     
   68.000000000000000      -0.86356781958163897     
   69.000000000000000      -0.86532477360524862     
   70.000000000000000      -0.86692215614573931     
   71.000000000000000      -0.86772510811865178     
   72.000000000000000      -0.86750500342530334     
   73.000000000000000      -0.86638949710620050     
   74.000000000000000      -0.86475856421548691     
   75.000000000000000      -0.86316101794608657     
   76.000000000000000      -0.86225472422655813     
   77.000000000000000      -0.86274204016536959     
   78.000000000000000      -0.86523216871044006     
   79.000000000000000      -0.86998396901869357     
   80.000000000000000      -0.87666413321831538     
   81.000000000000000      -0.88437902600621576     
   82.000000000000000      -0.89201494011361848     
   83.000000000000000      -0.89862492640507408     
   84.000000000000000      -0.90363541608763753     
   85.000000000000000      -0.90686599722566996     
   86.000000000000000      -0.90846261660349648     
   87.000000000000000      -0.90881514635307425     
   88.000000000000000      -0.90846493348127810     
   89.000000000000000      -0.90797618838800231     
   90.000000000000000      -0.90776884284885961     
   91.000000000000000      -0.90797883061461415     
   92.000000000000000      -0.90844206725034382     
   93.000000000000000      -0.90882855469179158     
   94.000000000000000      -0.90884661531020072     
   95.000000000000000      -0.90839742869746920     
   96.000000000000000      -0.90760579841533473     
   97.000000000000000      -0.90672348434436567     
   98.000000000000000      -0.90596651886090207     
   99.000000000000000      -0.90539360991371509     
   100.00000000000000      -0.90490756509688597     
   101.00000000000000      -0.90436017541472868     
   102.00000000000000      -0.90366025588149090     
   103.00000000000000      -0.90280854434987645     
   104.00000000000000      -0.90186366668509133     
   105.00000000000000      -0.90089280177148001     
   106.00000000000000      -0.89995193180172162     
   107.00000000000000      -0.89910523667605025     
   108.00000000000000      -0.89845993953639625     
   109.00000000000000      -0.89817492348889405     
   110.00000000000000      -0.89841292211376778     
   111.00000000000000      -0.89924982734850856     
   112.00000000000000      -0.90059690020388505     
   113.00000000000000      -0.90219309768234723     
   114.00000000000000      -0.90367661124850396     
   115.00000000000000      -0.90468958806614164     
   116.00000000000000      -0.90496261649534615     
   117.00000000000000      -0.90436017462093199     
   118.00000000000000      -0.90290552293658477     
   119.00000000000000      -0.90080027076599156     
   120.00000000000000      -0.89841880725313961     
   121.00000000000000      -0.89622441351757065     
   122.00000000000000      -0.89459129347177602     
   123.00000000000000      -0.89363820296570717     
   124.00000000000000      -0.89324430680156752     
   125.00000000000000      -0.89326157683354235     
   126.00000000000000      -0.89371021011991791     
   127.00000000000000      -0.89475408705224235     
   128.00000000000000      -0.89650210109795581     
   129.00000000000000      -0.89886340132275133     
   130.00000000000000      -0.90159134242159644     
   131.00000000000000      -0.90443176376745138     
   132.00000000000000      -0.90722978864500026     
   133.00000000000000      -0.90994640207337640     
   134.00000000000000      -0.91261197080695944     
   135.00000000000000      -0.91525098078241474     
   136.00000000000000      -0.91780997996154501     
   137.00000000000000      -0.92012823098490593     
   138.00000000000000      -0.92198201347816433     
   139.00000000000000      -0.92319434630140751     
   140.00000000000000      -0.92375550313053834     
   141.00000000000000      -0.92387935441785507     
   142.00000000000000      -0.92394133691373426     
   143.00000000000000      -0.92431475519044060     
   144.00000000000000      -0.92520741714213861     
   145.00000000000000      -0.92661016283621145     
   146.00000000000000      -0.92836910682678342     
   147.00000000000000      -0.93029560381157184     
   148.00000000000000      -0.93223312145076820     
   149.00000000000000      -0.93407233149064384     
   150.00000000000000      -0.93574248937419746     
   151.00000000000000      -0.93719497002022156     
   152.00000000000000      -0.93838130784836338     
   153.00000000000000      -0.93923550779275389     
   154.00000000000000      -0.93967379232736736     
   155.00000000000000      -0.93961626261061870     
   156.00000000000000      -0.93902334306190505     
   157.00000000000000      -0.93793148615809252     
   158.00000000000000      -0.93646522474553495     
   159.00000000000000      -0.93480177252012286     
   160.00000000000000      -0.93308798400753212     
   161.00000000000000      -0.93135004290288403     
   162.00000000000000      -0.92945010624663837     
   163.00000000000000      -0.92711189025188412     
   164.00000000000000      -0.92400563002871117     
   165.00000000000000      -0.91988819302657454     
   166.00000000000000      -0.91478046241588551     
   167.00000000000000      -0.90910101736914806     
   168.00000000000000      -0.90362838936826484     
   169.00000000000000      -0.89924189467480498     
   170.00000000000000      -0.89657983616981507     
   171.00000000000000      -0.89583116603654678     
   172.00000000000000      -0.89673290103574765     
   173.00000000000000      -0.89873289440388648     
   174.00000000000000      -0.90128369744217685     
   175.00000000000000      -0.90411361491840281     
   176.00000000000000      -0.90724376379300020     
   177.00000000000000      -0.91074867398051462     
   178.00000000000000      -0.91451451681509754     
   179.00000000000000      -0.91820383171015996     
   180.00000000000000      -0.92140102570604032     
   181.00000000000000      -0.92377827882784402     
   182.00000000000000      -0.92517622186975668     
   183.00000000000000      -0.92559792049247391     
   184.00000000000000      -0.92515783813200259     
   185.00000000000000      -0.92402113653924345     
   186.00000000000000      -0.92235376444018058     
   187.00000000000000      -0.92030143258559238     
   188.00000000000000      -0.91801178189505739     
   189.00000000000000      -0.91569784769247364     
   190.00000000000000      -0.91369256417785016     
   191.00000000000000      -0.91240084637044860     
   192.00000000000000      -0.91211226400370871     
   193.00000000000000      -0.91281138213641400     
   194.00000000000000      -0.91418921472593428     
   195.00000000000000      -0.91585410196848593     
   196.00000000000000      -0.91753537345877401     
   197.00000000000000      -0.91913931653544223     
   198.00000000000000      -0.92068773960005934     
   199.00000000000000      -0.92223037278767761     
   200.00000000000000      -0.92379041803665185     
   201.00000000000000      -0.92536001352863306     
   202.00000000000000      -0.92692087571166804     
   203.00000000000000      -0.92843882841582537     
   204.00000000000000      -0.92981346170399981     
   205.00000000000000      -0.93084474390851579     
   206.00000000000000      -0.93129830103747258     
   207.00000000000000      -0.93105746498784114     
   208.00000000000000      -0.93025327398511759     
   209.00000000000000      -0.92926900794320411     
   210.00000000000000      -0.92859228502933400     
   211.00000000000000      -0.92857754893454381     
   212.00000000000000      -0.92924769248571160     
   213.00000000000000      -0.93026275148299176     
   214.00000000000000      -0.93107717184280980     
   215.00000000000000      -0.93118263741723073     
   216.00000000000000      -0.93030442960334392     
   217.00000000000000      -0.92849572219932208     
   218.00000000000000      -0.92614443894070553     
   219.00000000000000      -0.92389226233711286     
   220.00000000000000      -0.92241942139527966     
   221.00000000000000      -0.92214326317363582     
   222.00000000000000      -0.92306666270318927     
   223.00000000000000      -0.92491608683192661     
   224.00000000000000      -0.92735763864986254     
   225.00000000000000      -0.93004939221700755     
   226.00000000000000      -0.93259424898135956     
   227.00000000000000      -0.93457496406283480     
   228.00000000000000      -0.93570010986190877     
   229.00000000000000      -0.93596720885299167     
   230.00000000000000      -0.93574263369431032     
   231.00000000000000      -0.93565847395688140     
   232.00000000000000      -0.93627899247391533     
   233.00000000000000      -0.93772570839211122     
   234.00000000000000      -0.93961647256072411     
   235.00000000000000      -0.94137415271084635     
   236.00000000000000      -0.94256639013272259     
   237.00000000000000      -0.94301876979130228     
   238.00000000000000      -0.94274221007291070     
   239.00000000000000      -0.94182223019109701     
   240.00000000000000      -0.94035739549803143     
   241.00000000000000      -0.93846056045151383     
   242.00000000000000      -0.93629941039852804     
   243.00000000000000      -0.93415428826000868     
   244.00000000000000      -0.93248437394774419     
   245.00000000000000      -0.93194350460747655     
   246.00000000000000      -0.93318383455924547     
   247.00000000000000      -0.93640413861013916     
   248.00000000000000      -0.94103885304790780     
   249.00000000000000      -0.94603698451359108     
   250.00000000000000      -0.95048864364494323     
   251.00000000000000      -0.95400046575507080     
   252.00000000000000      -0.95664504210170109     
   253.00000000000000      -0.95870166133320178     
   254.00000000000000      -0.96041265244102458     
   255.00000000000000      -0.96185539110047136     
   256.00000000000000      -0.96293678077977607     
   257.00000000000000      -0.96346727282059796     
   258.00000000000000      -0.96326260815012721     
   259.00000000000000      -0.96223739606511483     
   260.00000000000000      -0.96046855731989411     
   261.00000000000000      -0.95821400834705084     
   262.00000000000000      -0.95587322353145832     
   263.00000000000000      -0.95389305276977043     
   264.00000000000000      -0.95265028511806882     
   265.00000000000000      -0.95235735661414844     
   266.00000000000000      -0.95301894703605017     
   267.00000000000000      -0.95444395506283286     
   268.00000000000000      -0.95630548809009985     
   269.00000000000000      -0.95822835563128483     
   270.00000000000000      -0.95987252571978687     
   271.00000000000000      -0.96099541086454998     
   272.00000000000000      -0.96149460456128266     
   273.00000000000000      -0.96142772875868121     
   274.00000000000000      -0.96099048119916664     
   275.00000000000000      -0.96043259269495818     
   276.00000000000000      -0.95992454885054868     
   277.00000000000000      -0.95943136223305825     
   278.00000000000000      -0.95866796920086506     
   279.00000000000000      -0.95717494723497831     
   280.00000000000000      -0.95449499969140672     
   281.00000000000000      -0.95038003487304290     
   282.00000000000000      -0.94493379580401438     
   283.00000000000000      -0.93860828235873994     
   284.00000000000000      -0.93204478119450851     
   285.00000000000000      -0.92586010663759855     
   286.00000000000000      -0.92051829907335936     
   287.00000000000000      -0.91633370939678149     
   288.00000000000000      -0.91352079809293285     
   289.00000000000000      -0.91218877272226262     
   290.00000000000000      -0.91227904903139045     
   291.00000000000000      -0.91352447160262784     
   292.00000000000000      -0.91548237229292773     
   293.00000000000000      -0.91763002388151371     
   294.00000000000000      -0.91948345754514360     
   295.00000000000000      -0.92069856048812648     
   296.00000000000000      -0.92112707579987430     
   297.00000000000000      -0.92082759011940685     
   298.00000000000000      -0.92004005748833473     
   299.00000000000000      -0.91911895937476196     
   300.00000000000000      -0.91843232886404902     
   301.00000000000000      -0.91827870547584589     
   302.00000000000000      -0.91887799899653810     
   303.00000000000000      -0.92041960062701922     
   304.00000000000000      -0.92308115596527707     
   305.00000000000000      -0.92694679020699500     
   306.00000000000000      -0.93185274503199456     
   307.00000000000000      -0.93728865235000403     
   308.00000000000000      -0.94246733140101502     
   309.00000000000000      -0.94653006965236541     
   310.00000000000000      -0.94874824156559390     
   311.00000000000000      -0.94863040270715282     
   312.00000000000000      -0.94596012806997354     
   313.00000000000000      -0.94084402325538630     
   314.00000000000000      -0.93381069417690388     
   315.00000000000000      -0.92589781134141802     
   316.00000000000000      -0.91855763816421243     
   317.00000000000000      -0.91325137707989579     
   318.00000000000000      -0.91089062913289198     
   319.00000000000000      -0.91154660707608193     
   320.00000000000000      -0.91465101278045668     
   321.00000000000000      -0.91943635183837236     
   322.00000000000000      -0.92522598954889057     
   323.00000000000000      -0.93145258469670300     
   324.00000000000000      -0.93755006049632228     
   325.00000000000000      -0.94290444204270107     
   326.00000000000000      -0.94692078982915551     
   327.00000000000000      -0.94914310342339547     
   328.00000000000000      -0.94935843286314425     
   329.00000000000000      -0.94768222264419844     
   330.00000000000000      -0.94464609276918488     
   331.00000000000000      -0.94121540038457530     
   332.00000000000000      -0.93851634197292977     
   333.00000000000000      -0.93720959751268884     
   334.00000000000000      -0.93702360481107028     
   335.00000000000000      -0.93702465040458682     
   336.00000000000000      -0.93632577389222016     
   337.00000000000000      -0.93452707277848424     
   338.00000000000000      -0.93171712188611400     
   339.00000000000000      -0.92828532538404473     
   340.00000000000000      -0.92474231193211121     
   341.00000000000000      -0.92158319962442892     
   342.00000000000000      -0.91917903704033921     
   343.00000000000000      -0.91771702196173444     
   344.00000000000000      -0.91721123890759881     
   345.00000000000000      -0.91755748172238116     
   346.00000000000000      -0.91858029763970439     
   347.00000000000000      -0.92005720893300125     
   348.00000000000000      -0.92173869581076473     
   349.00000000000000      -0.92338369822913269     
   350.00000000000000      -0.92480871406765741     
   351.00000000000000      -0.92593207816089740     
   352.00000000000000      -0.92678824421622175     
   353.00000000000000      -0.92749134134113409     
   354.00000000000000      -0.92815459516913246     
   355.00000000000000      -0.92880711423796392     
   356.00000000000000      -0.92936426771057012     
   357.00000000000000      -0.92967428055661649     
   358.00000000000000      -0.92961019676228718     
   359.00000000000000      -0.92915275807825803     
   360.00000000000000      -0.92842764451867343     
   361.00000000000000      -0.92769054063666057     
   362.00000000000000      -0.92726577928991205     
   363.00000000000000      -0.92745008181201072     
   364.00000000000000      -0.92840279220456090     
   365.00000000000000      -0.93006101002080210     
   366.00000000000000      -0.93212375963102223     
   367.00000000000000      -0.93412486816868467     
   368.00000000000000      -0.93556624411363165     
   369.00000000000000      -0.93605340654806823     
   370.00000000000000      -0.93538855041059454     
   371.00000000000000      -0.93360570935769427     
   372.00000000000000      -0.93094935703027448     
   373.00000000000000      -0.92780332258522247     
   374.00000000000000      -0.92459442878029074     
   375.00000000000000      -0.92172215906772048     
   376.00000000000000      -0.91955138094840738     
   377.00000000000000      -0.91843187777783231     
   378.00000000000000      -0.91865903878642940     
   379.00000000000000      -0.92034944116773032     
   380.00000000000000      -0.92332183644094012     
   381.00000000000000      -0.92711101269288765     
   382.00000000000000      -0.93114166293519152     
   383.00000000000000      -0.93496246302157149     
   384.00000000000000      -0.93840088576387060     
   385.00000000000000      -0.94156004734525733     
   386.00000000000000      -0.94468028951551941     
   387.00000000000000      -0.94795536657510671     
   388.00000000000000      -0.95140069802296412     
   389.00000000000000      -0.95483489565602064     
   390.00000000000000      -0.95797239685003666     
   391.00000000000000      -0.96056388062517750     
   392.00000000000000      -0.96250103253743480     
   393.00000000000000      -0.96383902772420815     
   394.00000000000000      -0.96474124786878468     
   395.00000000000000      -0.96538271504577267     
   396.00000000000000      -0.96586061770839060     
   397.00000000000000      -0.96615668542110278     
   398.00000000000000      -0.96616564893407453     
   399.00000000000000      -0.96576299450545344     
   400.00000000000000      -0.96487071245511880     
   401.00000000000000      -0.96349089082311767     
   402.00000000000000      -0.96169827469946179     
   403.00000000000000      -0.95960253435329856     
   404.00000000000000      -0.95729871093762731     
   405.00000000000000      -0.95482832408204121     
   406.00000000000000      -0.95217785735699356     
   407.00000000000000      -0.94933774400998028     
   408.00000000000000      -0.94639847359458540     
   409.00000000000000      -0.94361311416536031     
   410.00000000000000      -0.94137060719918508     
   411.00000000000000      -0.94008278568597725     
   412.00000000000000      -0.94003123173970593     
   413.00000000000000      -0.94124167157165406     
   414.00000000000000      -0.94345907925419015     
   415.00000000000000      -0.94625235796262586     
   416.00000000000000      -0.94919145025096152     
   417.00000000000000      -0.95199532967445599     
   418.00000000000000      -0.95458535120551269     
   419.00000000000000      -0.95704644429142682     
   420.00000000000000      -0.95953270862172835     
   421.00000000000000      -0.96215789608582880     
   422.00000000000000      -0.96491106031887264     
   423.00000000000000      -0.96763134273686680     
   424.00000000000000      -0.97005007243196983     
   425.00000000000000      -0.97187110891539574     
   426.00000000000000      -0.97284414593293600     
   427.00000000000000      -0.97280580396306149     
   428.00000000000000      -0.97169519236163027     
   429.00000000000000      -0.96956910578057864     
   430.00000000000000      -0.96662911060135726     
   431.00000000000000      -0.96324510950650577     
   432.00000000000000      -0.95994116700275434     
   433.00000000000000      -0.95731510775164874     
   434.00000000000000      -0.95589223302125526     
   435.00000000000000      -0.95595586989298564     
   436.00000000000000      -0.95744061474303632     
   437.00000000000000      -0.95996931272368713     
   438.00000000000000      -0.96302898801921899     
   439.00000000000000      -0.96618211657675512     
   440.00000000000000      -0.96920111144075916     
   441.00000000000000      -0.97208510970615614     
   442.00000000000000      -0.97498383241302178     
   443.00000000000000      -0.97808521798717951     
   444.00000000000000      -0.98152214346827238     
   445.00000000000000      -0.98532712787476484     
   446.00000000000000      -0.98943129955114573     
   447.00000000000000      -0.99368697580364729     
   448.00000000000000      -0.99789843429314407     
   449.00000000000000       -1.0018545193048998     
   450.00000000000000       -1.0053575553083571     
   451.00000000000000       -1.0082436584520025     
   452.00000000000000       -1.0103912352955500     
   453.00000000000000       -1.0117194555818019     
   454.00000000000000       -1.0121795946732706     
   455.00000000000000       -1.0117452600910255     
   456.00000000000000       -1.0104064303241029     
   457.00000000000000       -1.0081714561657211     
   458.00000000000000       -1.0050756239335878     
   459.00000000000000       -1.0011889868045365     
   460.00000000000000      -0.99661454647284675     
   461.00000000000000      -0.99148697306385813     
   462.00000000000000      -0.98601488982241769     
   463.00000000000000      -0.98062242279265277     
   464.00000000000000      -0.97613369341560696     
   465.00000000000000      -0.97365289557635715     
   466.00000000000000      -0.97380586430588234     
   467.00000000000000      -0.97596678902861245     
   468.00000000000000      -0.97857210583487075     
   469.00000000000000      -0.98018609050276095     
   470.00000000000000      -0.98012899306425005     
   471.00000000000000      -0.97842475667795936     
   472.00000000000000      -0.97550904157914964     
   473.00000000000000      -0.97199624655890104     
   474.00000000000000      -0.96854981270246188     
   475.00000000000000      -0.96580360004471932     
   476.00000000000000      -0.96428195170522868     
   477.00000000000000      -0.96430801234322172     
   478.00000000000000      -0.96593222126998890     
   479.00000000000000      -0.96892827707536000     
   480.00000000000000      -0.97287639681648708     
   481.00000000000000      -0.97730730028546897     
   482.00000000000000      -0.98184535767286341     
   483.00000000000000      -0.98628860518494188     
   484.00000000000000      -0.99059047224434493     
   485.00000000000000      -0.99475564097407643     
   486.00000000000000      -0.99871358876756744     
   487.00000000000000       -1.0022521297300622     
   488.00000000000000       -1.0050468033134989     
   489.00000000000000       -1.0067553955785391     
   490.00000000000000       -1.0071266054052801     
   491.00000000000000       -1.0060943697024196     
   492.00000000000000       -1.0038436118190703     
   493.00000000000000       -1.0008133286016201     
   494.00000000000000      -0.99758318740931939     
   495.00000000000000      -0.99465208940081196     
   496.00000000000000      -0.99224212799673850     
   497.00000000000000      -0.99027825404230541     
   498.00000000000000      -0.98852819965881866     
   499.00000000000000      -0.98675983718653815     
   500.00000000000000      -0.98482638711603665     
   501.00000000000000      -0.98268572097534013     
   502.00000000000000      -0.98038111449863719     
   503.00000000000000      -0.97800011178681834     
   504.00000000000000      -0.97564028960467108     
   505.00000000000000      -0.97341764493234606     
   506.00000000000000      -0.97150856766594640     
   507.00000000000000      -0.97016789174267370     
   508.00000000000000      -0.96968112948824270     
   509.00000000000000      -0.97027529240341015     
   510.00000000000000      -0.97204888958953706     
   511.00000000000000      -0.97495255380738555     
   512.00000000000000      -0.97880846277253908     
   513.00000000000000      -0.98334630513063381     
   514.00000000000000      -0.98824320468958948     
   515.00000000000000      -0.99316042953071193     
   516.00000000000000      -0.99777089734242996     
   517.00000000000000       -1.0017763432423843     
   518.00000000000000       -1.0049187003079179     
   519.00000000000000       -1.0069947408653692     
   520.00000000000000       -1.0078808432371877     
   521.00000000000000       -1.0075700435756068     
   522.00000000000000       -1.0062137684050549     
   523.00000000000000       -1.0041439567063841     
   524.00000000000000       -1.0018365324669460     
   525.00000000000000      -0.99978764213995819     
   526.00000000000000      -0.99832999575123382     
   527.00000000000000      -0.99749216777500460     
   528.00000000000000      -0.99700293710829690     
   529.00000000000000      -0.99643751607620268     
   530.00000000000000      -0.99539935908754440     
   531.00000000000000      -0.99363733987589176     
   532.00000000000000      -0.99108328686278580     
   533.00000000000000      -0.98785232190057226     
   534.00000000000000      -0.98424421274638840     
   535.00000000000000      -0.98073398156827085     
   536.00000000000000      -0.97789974102982857     
   537.00000000000000      -0.97626127658915252     
   538.00000000000000      -0.97608804764299861     
   539.00000000000000      -0.97729378236251607     
   540.00000000000000      -0.97948452258594332     
   541.00000000000000      -0.98212489841693074     
   542.00000000000000      -0.98473368007108375     
   543.00000000000000      -0.98702998494516792     
   544.00000000000000      -0.98897981909123167     
   545.00000000000000      -0.99073441216188940     
   546.00000000000000      -0.99250193132728648     
   547.00000000000000      -0.99442425308932891     
   548.00000000000000      -0.99651868204418292     
   549.00000000000000      -0.99869149420911696     
   550.00000000000000       -1.0007792185871227     
   551.00000000000000       -1.0025740753910337     
   552.00000000000000       -1.0038331637236895     
   553.00000000000000       -1.0042999074647154     
   554.00000000000000       -1.0037534956239949     
   555.00000000000000       -1.0020741797050055     
   556.00000000000000      -0.99930382470363588     
   557.00000000000000      -0.99569069538836330     
   558.00000000000000      -0.99171167782780345     
   559.00000000000000      -0.98804582431128851     
   560.00000000000000      -0.98545182866638470     
   561.00000000000000      -0.98452619685739873     
   562.00000000000000      -0.98542791216217196     
   563.00000000000000      -0.98777015177426486     
   564.00000000000000      -0.99079072617753938     
   565.00000000000000      -0.99365742680504388     
   566.00000000000000      -0.99570053274320669     
   567.00000000000000      -0.99652985612163070     
   568.00000000000000      -0.99608905563605199     
   569.00000000000000      -0.99463694361872079     
   570.00000000000000      -0.99260830341360529     
   571.00000000000000      -0.99042453741995151     
   572.00000000000000      -0.98841781257534123     
   573.00000000000000      -0.98688496307272733     
   574.00000000000000      -0.98610365827840074     
   575.00000000000000      -0.98621545202998984     
   576.00000000000000      -0.98708235666725486     
   577.00000000000000      -0.98829078338412446     
   578.00000000000000      -0.98933828830287973     
   579.00000000000000      -0.98985363735052567     
   580.00000000000000      -0.98969121038916963     
   581.00000000000000      -0.98888649038154064     
   582.00000000000000      -0.98756571464859710     
   583.00000000000000      -0.98588710211997110     
   584.00000000000000      -0.98402708409069362     
   585.00000000000000      -0.98218300910535505     
   586.00000000000000      -0.98056061294366503     
   587.00000000000000      -0.97933293973971791     
   588.00000000000000      -0.97858605249686148     
   589.00000000000000      -0.97828623741240772     
   590.00000000000000      -0.97828740377660550     
   591.00000000000000      -0.97836742102265062     
   592.00000000000000      -0.97828370210429327     
   593.00000000000000      -0.97786870808648696     
   594.00000000000000      -0.97716999361015378     
   595.00000000000000      -0.97654965623237389     
   596.00000000000000      -0.97658313105894323     
   597.00000000000000      -0.97772062248667146     
   598.00000000000000      -0.97997047783475943     
   599.00000000000000      -0.98290865078252254     
   600.00000000000000      -0.98595689624987737     
   601.00000000000000      -0.98863440683555193     
   602.00000000000000      -0.99064454505914989     
   603.00000000000000      -0.99185285681370716     
   604.00000000000000      -0.99223661963711340     
   605.00000000000000      -0.99184237686356103     
   606.00000000000000      -0.99076242224086764     
   607.00000000000000      -0.98912366081222480     
   608.00000000000000      -0.98706848983483841     
   609.00000000000000      -0.98471139404967800     
   610.00000000000000      -0.98208821375465216     
   611.00000000000000      -0.97914874846982680     
   612.00000000000000      -0.97582452785539586     
   613.00000000000000      -0.97213410240310416     
   614.00000000000000      -0.96825109887325045     
   615.00000000000000      -0.96449641954819698     
   616.00000000000000      -0.96126935362959676     
   617.00000000000000      -0.95894232585877337     
   618.00000000000000      -0.95776569298201475     
   619.00000000000000      -0.95784871930987470     
   620.00000000000000      -0.95921678993217274     
   621.00000000000000      -0.96184700650525767     
   622.00000000000000      -0.96561988888039818     
   623.00000000000000      -0.97025407046630718     
   624.00000000000000      -0.97532485215476428     
   625.00000000000000      -0.98036907938728712     
   626.00000000000000      -0.98499954264366518     
   627.00000000000000      -0.98897081638328188     
   628.00000000000000      -0.99218905205297969     
   629.00000000000000      -0.99467933662504682     
   630.00000000000000      -0.99653251675458610     
   631.00000000000000      -0.99785527353763714     
   632.00000000000000      -0.99873884159066351     
   633.00000000000000      -0.99924580015113329     
   634.00000000000000      -0.99940417420391159     
   635.00000000000000      -0.99920259168899705     
   636.00000000000000      -0.99859090653480598     
   637.00000000000000      -0.99749231865864996     
   638.00000000000000      -0.99582657768360372     
   639.00000000000000      -0.99353718301056049     
   640.00000000000000      -0.99061291390548201     
   641.00000000000000      -0.98710353895982927     
   642.00000000000000      -0.98313875860935218     
   643.00000000000000      -0.97895716466669269     
   644.00000000000000      -0.97493594489671309     
   645.00000000000000      -0.97158509686643568     
   646.00000000000000      -0.96946131762549270     
   647.00000000000000      -0.96899749371227606     
   648.00000000000000      -0.97033119632041065     
   649.00000000000000      -0.97325191561497737     
   650.00000000000000      -0.97729946462420136     
   651.00000000000000      -0.98192774558865359     
   652.00000000000000      -0.98663325074830821     
   653.00000000000000      -0.99102121339420646     
   654.00000000000000      -0.99482902175719778     
   655.00000000000000      -0.99792056639166027     
   656.00000000000000       -1.0002528475690562     
   657.00000000000000       -1.0018297738368811     
   658.00000000000000       -1.0026747565977643     
   659.00000000000000       -1.0028457131796031     
   660.00000000000000       -1.0024800245142143     
   661.00000000000000       -1.0018257493104472     
   662.00000000000000       -1.0012154032185707     
   663.00000000000000       -1.0009706843193484     
   664.00000000000000       -1.0012810398511782     
   665.00000000000000       -1.0021308537752349     
   666.00000000000000       -1.0033229323354211     
   667.00000000000000       -1.0045744355108397     
   668.00000000000000       -1.0056162315965318     
   669.00000000000000       -1.0062419567943421     
   670.00000000000000       -1.0063049240064876     
   671.00000000000000       -1.0056954309521871     
   672.00000000000000       -1.0043288939643009     
   673.00000000000000       -1.0021490144434504     
   674.00000000000000      -0.99913546326665004     
   675.00000000000000      -0.99531325048330810     
   676.00000000000000      -0.99076972204894409     
   677.00000000000000      -0.98567900119875906     
   678.00000000000000      -0.98031981203053931     
   679.00000000000000      -0.97506588611358758     
   680.00000000000000      -0.97033744655820342     
   681.00000000000000      -0.96652687703742435     
   682.00000000000000      -0.96392935798921486     
   683.00000000000000      -0.96270753970355150     
   684.00000000000000      -0.96289531546787699     
   685.00000000000000      -0.96442218929648049     
   686.00000000000000      -0.96714018899294563     
   687.00000000000000      -0.97084716770147128     
   688.00000000000000      -0.97531097471948647     
   689.00000000000000      -0.98029627397875274     
   690.00000000000000      -0.98558707671768708     
   691.00000000000000      -0.99099567456097359     
   692.00000000000000      -0.99635488439903475     
   693.00000000000000       -1.0015018475508448     
   694.00000000000000       -1.0062677928790560     
   695.00000000000000       -1.0104871444529162     
   696.00000000000000       -1.0140268707867330     
   697.00000000000000       -1.0168141167720492     
   698.00000000000000       -1.0188359844297663     
   699.00000000000000       -1.0201054243570882     
   700.00000000000000       -1.0206199752817573     
   701.00000000000000       -1.0203516944949189     
   702.00000000000000       -1.0192786519965318     
   703.00000000000000       -1.0174319852967679     
   704.00000000000000       -1.0149213426715922     
   705.00000000000000       -1.0119242474846681     
   706.00000000000000       -1.0086500198964343     
   707.00000000000000       -1.0052978937037238     
   708.00000000000000       -1.0020249316600347     
   709.00000000000000      -0.99892658659841727     
   710.00000000000000      -0.99602168688551918     
   711.00000000000000      -0.99323563174440044     
   712.00000000000000      -0.99039780577861503     
   713.00000000000000      -0.98729186749982301     
   714.00000000000000      -0.98377496878111403     
   715.00000000000000      -0.97991630175379496     
   716.00000000000000      -0.97606183435728744     
   717.00000000000000      -0.97276030057522123     
   718.00000000000000      -0.97056920950944880     
   719.00000000000000      -0.96984130043146266     
   720.00000000000000      -0.97060874026258304     
   721.00000000000000      -0.97261876344090126     
   722.00000000000000      -0.97548647331851768     
   723.00000000000000      -0.97888459149845530     
   724.00000000000000      -0.98268472371293625     
   725.00000000000000      -0.98696722721669705     
   726.00000000000000      -0.99184732637998818     
   727.00000000000000      -0.99720074652574053     
   728.00000000000000       -1.0025298328970424     
   729.00000000000000       -1.0071216359881900     
   730.00000000000000       -1.0103533206560520     
   731.00000000000000       -1.0119039823459952     
   732.00000000000000       -1.0117984205384432     
   733.00000000000000       -1.0103538932174576     
   734.00000000000000       -1.0080989284626900     
   735.00000000000000       -1.0056538371638892     
   736.00000000000000       -1.0035277524434378     
   737.00000000000000       -1.0018927003468348     
   738.00000000000000       -1.0005344510178251     
   739.00000000000000      -0.99907466602259398     
   740.00000000000000      -0.99727848090993232     
   741.00000000000000      -0.99520016789714627     
   742.00000000000000      -0.99311147206786132     
   743.00000000000000      -0.99132269180717802     
   744.00000000000000      -0.99005403801657010     
   745.00000000000000      -0.98944713102650017     
   746.00000000000000      -0.98965811811311100     
   747.00000000000000      -0.99088623597219283     
   748.00000000000000      -0.99326500235782778     
   749.00000000000000      -0.99668763972226126     
   750.00000000000000       -1.0007218095315338     
   751.00000000000000       -1.0047123595683951     
   752.00000000000000       -1.0080032574553641     
   753.00000000000000       -1.0101170201834062     
   754.00000000000000       -1.0108049916311108     
   755.00000000000000       -1.0100045645346567     
   756.00000000000000       -1.0077904689743162     
   757.00000000000000       -1.0043897414083585     
   758.00000000000000       -1.0002659230128013     
   759.00000000000000      -0.99617422978687686     
   760.00000000000000      -0.99301276059515831     
   761.00000000000000      -0.99142664061665720     
   762.00000000000000      -0.99145324819019431     
   763.00000000000000      -0.99254245246260775     
   764.00000000000000      -0.99388406163779508     
   765.00000000000000      -0.99475283668669434     
   766.00000000000000      -0.99473545071904923     
   767.00000000000000      -0.99382555602140599     
   768.00000000000000      -0.99236433130866408     
   769.00000000000000      -0.99082283439671759     
   770.00000000000000      -0.98952936266166847     
   771.00000000000000      -0.98852085416642543     
   772.00000000000000      -0.98759954569816955     
   773.00000000000000      -0.98650202621536853     
   774.00000000000000      -0.98504346108345009     
   775.00000000000000      -0.98318294399393269     
   776.00000000000000      -0.98102544462435859     
   777.00000000000000      -0.97878598108924941     
   778.00000000000000      -0.97673147534501825     
   779.00000000000000      -0.97511533759623548     
   780.00000000000000      -0.97412592768548656     
   781.00000000000000      -0.97386387716624423     
   782.00000000000000      -0.97434679887328934     
   783.00000000000000      -0.97553289054478720     
   784.00000000000000      -0.97736468821252953     
   785.00000000000000      -0.97981781422681191     
   786.00000000000000      -0.98289232186828446     
   787.00000000000000      -0.98650028435181503     
   788.00000000000000      -0.99032294974618840     
   789.00000000000000      -0.99379523094336886     
   790.00000000000000      -0.99627416498032351     
   791.00000000000000      -0.99727485723372178     
   792.00000000000000      -0.99661991789349935     
   793.00000000000000      -0.99445288751168093     
   794.00000000000000      -0.99116481491313924     
   795.00000000000000      -0.98730159952533125     
   796.00000000000000      -0.98347896236936605     
   797.00000000000000      -0.98027753099402803     
   798.00000000000000      -0.97809777567919431     
   799.00000000000000      -0.97703864342940527     
   800.00000000000000      -0.97690792821866468     
   801.00000000000000      -0.97737789938330100     
   802.00000000000000      -0.97816446274411817     
   803.00000000000000      -0.97911016638097481     
   804.00000000000000      -0.98016191535528108     
   805.00000000000000      -0.98130845627979191     
   806.00000000000000      -0.98253805075737977     
   807.00000000000000      -0.98383137177392943     
   808.00000000000000      -0.98517258107360095     
   809.00000000000000      -0.98655294417309713     
   810.00000000000000      -0.98795333053881862     
   811.00000000000000      -0.98931736279683591     
   812.00000000000000      -0.99054594055242018     
   813.00000000000000      -0.99153270596490439     
   814.00000000000000      -0.99222639944314972     
   815.00000000000000      -0.99268657471621780     
   816.00000000000000      -0.99309753725432703     
   817.00000000000000      -0.99371763062779739     
   818.00000000000000      -0.99477352512182982     
   819.00000000000000      -0.99635390843605287     
   820.00000000000000      -0.99836601187627783     
   821.00000000000000       -1.0005779962712731     
   822.00000000000000       -1.0027203857170714     
   823.00000000000000       -1.0045873937042493     
   824.00000000000000       -1.0060821399512960     
   825.00000000000000       -1.0071945068113248     
   826.00000000000000       -1.0079523412317963     
   827.00000000000000       -1.0083951864048706     
   828.00000000000000       -1.0085790328628932     
   829.00000000000000       -1.0085857910293210     
   830.00000000000000       -1.0085238316327612     
   831.00000000000000       -1.0085331126541046     
   832.00000000000000       -1.0087811917094938     
   833.00000000000000       -1.0093874926265092     
   834.00000000000000       -1.0102692523742143     
   835.00000000000000       -1.0110619557076572     
   836.00000000000000       -1.0112622128441104     
   837.00000000000000       -1.0105032331529735     
   838.00000000000000       -1.0087318248528532     
   839.00000000000000       -1.0061813452468991     
   840.00000000000000       -1.0032110464608861     
   841.00000000000000       -1.0001447389082339     
   842.00000000000000      -0.99719600400152197     
   843.00000000000000      -0.99447872353024958     
   844.00000000000000      -0.99204852967254431     
   845.00000000000000      -0.98993115475355697     
   846.00000000000000      -0.98813260278722115     
   847.00000000000000      -0.98664596065397703     
   848.00000000000000      -0.98546633954483376     
   849.00000000000000      -0.98461274681091404     
   850.00000000000000      -0.98414532542668021     
   851.00000000000000      -0.98416279762888492     
   852.00000000000000      -0.98477342202567264     
   853.00000000000000      -0.98604521107316356     
   854.00000000000000      -0.98795481649413530     
   855.00000000000000      -0.99036442901602284     
   856.00000000000000      -0.99305638299349541     
   857.00000000000000      -0.99582281974243148     
   858.00000000000000      -0.99855319345431670     
   859.00000000000000       -1.0012408376069089     
   860.00000000000000       -1.0038856446140221     
   861.00000000000000       -1.0063694560168202     
   862.00000000000000       -1.0084308108820361     
   863.00000000000000       -1.0097923460453322     
   864.00000000000000       -1.0103529598551260     
   865.00000000000000       -1.0102893350699476     
   866.00000000000000       -1.0099803043614892     
   867.00000000000000       -1.0097955936507912     
   868.00000000000000       -1.0098863626509869     
   869.00000000000000       -1.0101133063811645     
   870.00000000000000       -1.0101450011186373     
   871.00000000000000       -1.0096386822599877     
   872.00000000000000       -1.0083803631558239     
   873.00000000000000       -1.0063234420388185     
   874.00000000000000       -1.0035448554474835     
   875.00000000000000       -1.0001758625656447     
   876.00000000000000      -0.99635939486883485     
   877.00000000000000      -0.99225331274829220     
   878.00000000000000      -0.98805981985732372     
   879.00000000000000      -0.98404375060623839     
   880.00000000000000      -0.98051695332694955     
   881.00000000000000      -0.97779294442053966     
   882.00000000000000      -0.97612362362324745     
   883.00000000000000      -0.97562752721233359     
   884.00000000000000      -0.97624901342909765     
   885.00000000000000      -0.97780530609749838     
   886.00000000000000      -0.98009225765699626     
   887.00000000000000      -0.98293623307456301     
   888.00000000000000      -0.98615307255147722     
   889.00000000000000      -0.98949585626341274     
   890.00000000000000      -0.99266987135160434     
   891.00000000000000      -0.99540496037856885     
   892.00000000000000      -0.99752732003382083     
   893.00000000000000      -0.99899231836284952     
   894.00000000000000      -0.99987681777779946     
   895.00000000000000       -1.0003486344909931     
   896.00000000000000       -1.0006276855278988     
   897.00000000000000       -1.0009413017267481     
   898.00000000000000       -1.0014724883571757     
   899.00000000000000       -1.0023083040400307     
   900.00000000000000       -1.0034085525887781     
   901.00000000000000       -1.0046125465338849     
   902.00000000000000       -1.0056857197699824     
   903.00000000000000       -1.0063952981819411     
   904.00000000000000       -1.0065954540433306     
   905.00000000000000       -1.0062906855685387     
   906.00000000000000       -1.0056286113351707     
   907.00000000000000       -1.0047883749144682     
   908.00000000000000       -1.0038151921877705     
   909.00000000000000       -1.0025444267901975     
   910.00000000000000       -1.0007118787089204     
   911.00000000000000      -0.99818180482216468     
   912.00000000000000      -0.99512513463464147     
   913.00000000000000      -0.99201346886359376     
   914.00000000000000      -0.98940034737969840     
   915.00000000000000      -0.98763256984643233     
   916.00000000000000      -0.98676519860275047     
   917.00000000000000      -0.98678260699481679     
   918.00000000000000      -0.98781964053465310     
   919.00000000000000      -0.99000232214475503     
   920.00000000000000      -0.99308522669309984     
   921.00000000000000      -0.99646375539357412     
   922.00000000000000      -0.99960933256527351     
   923.00000000000000       -1.0023896455951953     
   924.00000000000000       -1.0049933725605571     
   925.00000000000000       -1.0076464227596420     
   926.00000000000000       -1.0103864379330778     
   927.00000000000000       -1.0130011578360445     
   928.00000000000000       -1.0150941493264585     
   929.00000000000000       -1.0161999617597437     
   930.00000000000000       -1.0158894773762015     
   931.00000000000000       -1.0138348131084070     
   932.00000000000000       -1.0098409837615252     
   933.00000000000000       -1.0038808064793847     
   934.00000000000000      -0.99616880324703416     
   935.00000000000000      -0.98726686066797165     
   936.00000000000000      -0.97813369622422675     
   937.00000000000000      -0.96998202978909587     
   938.00000000000000      -0.96392736573001225     
   939.00000000000000      -0.96065000820413460     
   940.00000000000000      -0.96028594458220629     
   941.00000000000000      -0.96248934963700850     
   942.00000000000000      -0.96653997564821259     
   943.00000000000000      -0.97150864834849393     
   944.00000000000000      -0.97648250905124390     
   945.00000000000000      -0.98075226408444316     
   946.00000000000000      -0.98389240484482565     
   947.00000000000000      -0.98575648286455964     
   948.00000000000000      -0.98644046515765904     
   949.00000000000000      -0.98622568941081756     
   950.00000000000000      -0.98547773144362016     
   951.00000000000000      -0.98450340061799468     
   952.00000000000000      -0.98343634067054253     
   953.00000000000000      -0.98223918424311762     
   954.00000000000000      -0.98083064302795075     
   955.00000000000000      -0.97924296503735164     
   956.00000000000000      -0.97768806933319219     
   957.00000000000000      -0.97648468648404374     
   958.00000000000000      -0.97592640695693378     
   959.00000000000000      -0.97620841102329226     
   960.00000000000000      -0.97742892190696129     
   961.00000000000000      -0.97959445413707646     
   962.00000000000000      -0.98260410452289437     
   963.00000000000000      -0.98625299358287877     
   964.00000000000000      -0.99027044985732104     
   965.00000000000000      -0.99435656445009235     
   966.00000000000000      -0.99819945851518221     
   967.00000000000000       -1.0014995932110577     
   968.00000000000000       -1.0040227691150332     
   969.00000000000000       -1.0056536975456218     
   970.00000000000000       -1.0063987338960574     
   971.00000000000000       -1.0063288114869424     
   972.00000000000000       -1.0055192019195924     
   973.00000000000000       -1.0040450370560965     
   974.00000000000000       -1.0020161403607291     
   975.00000000000000      -0.99959084536590259     
   976.00000000000000      -0.99696136821438419     
   977.00000000000000      -0.99435968023036425     
   978.00000000000000      -0.99208846443499132     
   979.00000000000000      -0.99050937370339098     
   980.00000000000000      -0.98994523056351336     
   981.00000000000000      -0.99054603422935983     
   982.00000000000000      -0.99221776325063504     
   983.00000000000000      -0.99466140595328090     
   984.00000000000000      -0.99748605518347011     
   985.00000000000000       -1.0003218603206792     
   986.00000000000000       -1.0028791177903358     
   987.00000000000000       -1.0049458708598955     
   988.00000000000000       -1.0063535212705295     
   989.00000000000000       -1.0069436864980645     
   990.00000000000000       -1.0065538800221572     
   991.00000000000000       -1.0050264768427928     
   992.00000000000000       -1.0022466687966642     
   993.00000000000000      -0.99821366647151877     
   994.00000000000000      -0.99313353282830674     
   995.00000000000000      -0.98749453077908356     
   996.00000000000000      -0.98206080998596768     
   997.00000000000000      -0.97772001212034299     
   998.00000000000000      -0.97519661664284130     
   999.00000000000000      -0.97477385948657436     
   1000.0000000000000      -0.97621388767484651     
